16 0.8786867436215493 0.6711599024383728 0.0533037707157969 0.05762748468224565
16 0.062030131778874543 0.6779968300263606 0.0532460422851759 0.057641270438515295
23 0.46530846100991063 0.5249206791075185 0.0284630757448872 0.0617115235488209
23 0.5254961273187209 0.5248440242390108 0.0293720176965797 0.061604282291963505
18 0.804133740185183 0.6715385133540535 0.012937126690635702 0.0354557025238672
15 0.12899659306996777 0.5108080309672449 0.005444909124395531 0.0335841511336919
18 0.8388086378261638 0.6716523188697815 0.012847309465041298 0.0353678782461171
18 0.12755657736389892 0.6716288666754244 0.0128427252685498 0.0355334596083286
18 0.39720249087387344 0.6715616269659275 0.0130289175445169 0.03517454837115275
18 0.35829578960479397 0.6716159254550795 0.0129012783268059 0.0355246130485893
18 0.1911395499056298 0.6715531240537725 0.012659810625976 0.0353836036575591
18 0.583772984892895 0.6715025971720041 0.0129448227036319 0.0354709219818681
18 0.3193498677911865 0.671556776436485 0.012991338128715 0.035481258015104
15 0.84024496115001 0.511327996285222 0.0061496086666330855 0.03335191232589413
18 0.6459695151543299 0.6717064182615237 0.0127251763833619 0.035120846506305196
36 0.39962262024134804 0.64732808870939 0.004637343687034052 0.005999917622542035
18 0.6809247087824905 0.6716547492830938 0.0129686766446706 0.0355596386078655
15 0.5850383413431266 0.5103444762296505 0.006177894151093089 0.03252145849289328
36 0.8064948284161675 0.6470428816195826 0.00456024093920008 0.00544277616486178
36 0.3605621006581516 0.6471685364308744 0.00451747600210306 0.005609071873218871
15 0.1925215574646916 0.5107085752429018 0.0054015984102672296 0.033597653188675546
15 0.3597567887327155 0.5108085152966038 0.005442220517768989 0.0333917004154496
36 0.58603799955609 0.6471223982081789 0.0044502167602760425 0.00556847926759761
0 0.3467390717481235 0.38414602968482847 0.014374827394595 0.0348338470050228
0 0.5551735260458649 0.38415500796500957 0.0142731472269797 0.0348683024343652
15 0.7168973503929073 0.501388049229437 0.00477903658951239 0.029356185155582103
15 0.22383366488184417 0.5101881426554931 0.00479837504565031 0.032641420276432
15 0.6824209354299946 0.5109792835999839 0.00627716390351098 0.031921021447082504
2 0.3706879957978097 0.24729911947959698 0.0181319887086314 0.013568246940902
15 0.06280789492636131 0.5107829447725177 0.00544444179900009 0.03350283518512347
15 0.6475400384721941 0.5103381100663027 0.006217493829337095 0.033136158527625394
15 0.8057730477014282 0.5103249602862728 0.005798917851475922 0.03580632920481262
36 0.8411840205804201 0.647168437633585 0.00456603034329035 0.005642785961100029
15 0.8798460659662755 0.511132245459221 0.006701052633235946 0.031083262180731694
15 0.3207402278422832 0.5107930543279332 0.00529516059465041 0.0333916011172164
36 0.6483497395177443 0.6472297880784231 0.004376477732092484 0.00552712166482616
2 0.370703435343416 0.2169059791701919 0.018227268820521902 0.0130319408296078
36 0.12984215900790852 0.6471198634315334 0.00459905523530375 0.00581207341835281
20 0.5782213729252721 0.5998193351025936 0.00726352665978239 0.013565284580721
20 0.1220581177175949 0.5997327332951872 0.007078540870409783 0.0134551562722642
15 0.39867249936640475 0.5107743265086208 0.00538978168918749 0.0333614009288615
20 0.8334881661797301 0.5997412659300189 0.007184021131372153 0.0133083217930678
36 0.19338895177831542 0.6471478329719119 0.004509050567952851 0.005583229619371616
36 0.6832689512155575 0.6471314825493376 0.004707048959172879 0.005383825742732971
36 0.32162799469984116 0.6470804144254064 0.00451167302098025 0.00571095041322314
2 0.5878457375988565 0.24651788072300657 0.015087122046897 0.015429542671523199
20 0.3528580566111102 0.599764986296399 0.00703862779883639 0.0134699461429538
20 0.6406059210816294 0.5998789258981368 0.0069831882492947805 0.0135120194277216
20 0.8725397947152678 0.5999308792457785 0.007293129313167439 0.0135441437419849
20 0.21766045161932715 0.6613777730033489 0.00650728307443834 0.0121503457626817
35 0.3437358564116646 0.44058306495229344 0.0104773319045311 0.00813654382716066
20 0.7107907992582615 0.6613650899918068 0.0063579603125629705 0.012304227299444298
2 0.163102180441911 0.16101038374815238 0.022814428469896 0.011299355813844801
20 0.4329413255748792 0.5936551489250855 0.007340089159782391 0.013886366308065
20 0.3138803299494388 0.5997080679257801 0.0068913770495416075 0.0134618263972998
20 0.3917456314618804 0.5998211236396586 0.0072839380163207705 0.013488592391885199
36 0.8802462177929178 0.6390559172062023 0.00436186089562764 0.005422270968402681
20 0.0560151145183341 0.5998404310233505 0.00705201421180801 0.0134167015843189
2 0.16088926453214764 0.21689426439018383 0.01810747962658049 0.012985685422217166
2 0.16087153901763657 0.24730947450696006 0.0182330285519091 0.0135307229234201
20 0.18557846696412839 0.5997672272415577 0.00730712447895678 0.013225567068609301
2 0.2909363849320917 0.24741789838128256 0.0183837855206654 0.0134150241733311
20 0.6756018127805901 0.5997346042928587 0.006919202077398503 0.013289196028722867
35 0.5581771586694669 0.4406911981741699 0.010371646827145899 0.00801719911155092
2 0.29095513180347066 0.21695030842843824 0.0183716850789593 0.012946328442264501
2 0.4994839688696349 0.2474224316879367 0.0182885927740278 0.0135031647415574
20 0.7987406596706252 0.5998431544332431 0.00699610374584425 0.0135209450252921
26 0.7517563411432093 0.5685529243997576 0.011584319747380601 0.011282123535017098
21 0.13587573866927777 0.5910427707101382 0.006643541936895529 0.0050014979338843
21 0.5919880616218538 0.5911359521386969 0.006851720544529521 0.00501010537635366
21 0.22988592187657428 0.6536207252221967 0.0061060863672426 0.00474832228287974
36 0.06367859221225347 0.6456873224988418 0.004497045785295559 0.00548632033253776
21 0.06965981902799466 0.5910728278511503 0.00662747434531156 0.00487085496669279
21 0.8863168633040754 0.5911083211808031 0.006586439181190809 0.00505713845201624
2 0.49945773036879154 0.21692482368162658 0.0182844071913409 0.0130499413060612
36 0.44062707268159423 0.6865248192148765 0.0046378966854725 0.00581464804787689
21 0.19934974761477103 0.5910756206696179 0.00673251059795613 0.00477331003758193
26 0.15446280477486515 0.5748161807695392 0.011588786905916299 0.0115923014925905
17 0.4389709970185626 0.513671513429752 0.00708868675070522 0.039083065643701904
26 0.6105216613093141 0.5779888806573276 0.0117391240492142 0.011567780840339098
27 0.6176055195950034 0.4342548474681182 0.012573119207132782 0.0117534580721003
21 0.40556804883481495 0.5909807841220787 0.00684715417527201 0.00505209928932744
27 0.4091228137435771 0.4341841511058621 0.0121108572184163 0.0115700518421381
21 0.6892086366613677 0.5910023871509713 0.006615454044795616 0.004949119761485219
20 0.5433633770369481 0.5935911841648267 0.00715140335356639 0.0135538245404674
21 0.8125598274103365 0.5910255857148584 0.006454717881069921 0.00499734332698062
26 0.25853307123101527 0.576354903963469 0.011764424908384545 0.011700242902180106
21 0.654370580105279 0.5910551852156954 0.00654851967056216 0.0049838257427329705
2 0.50172270304157 0.16104871811213134 0.022763420011207944 0.011244369333766699
21 0.7231617128862964 0.6536044595704792 0.005902389321604879 0.00472694266083642
21 0.5571128301776899 0.584795141650265 0.00676353090998388 0.00494236377662796
36 0.5510831006479191 0.6865572014039794 0.00441061369761233 0.00566535816382873
2 0.5878182031407415 0.21807308015994625 0.015174673049314899 0.015537821828690498
21 0.3666122500055098 0.5910938047142171 0.00666122482149154 0.00494274644218438
17 0.5498060648801127 0.5124222980193788 0.006633659392000806 0.03739359114509119
21 0.3275910595240719 0.591090892337115 0.00666634080476778 0.00514173253152608
27 0.45576249759942317 0.5832898148900599 0.0099744346444943 0.0096689295049337
2 0.3728173872791467 0.1610400267337112 0.0227010638490454 0.0113725423687304
26 0.49300922596747143 0.5725993021015156 0.01145857273511485 0.011418914142651039
5 0.1669718438184851 0.2331566548746165 0.00669195374711412 0.00930953829816704
10 0.21606769848572033 0.1342860309464861 0.009055782560189404 0.009800890475052747
12 0.20661194208504927 0.1902144903088503 0.00498270912928053 0.013315042354512948
14 0.22280501040482276 0.17891313860513672 0.0284039974436415 0.0437014924301675
27 0.2640467907765268 0.17199966854698076 0.010206336133195599 0.0099378767025255
26 0.1989622144788833 0.2191563544104955 0.0108741080324006 0.00830953829816701
2 0.2932621915387019 0.1610291724127894 0.022814428469896 0.011299355813844801
5 0.29711120969639504 0.2331906100278295 0.00669195374711412 0.00930953829816704
5 0.37677873736404005 0.2332633769516775 0.00669195374711412 0.00930953829816704
12 0.4163644510633972 0.19020124780471248 0.00498270912928053 0.013315042354512948
14 0.43250809657323275 0.17887108471843574 0.0284039974436415 0.0437014924301675
10 0.4258325886336727 0.13425991090695436 0.009055782560189404 0.009800890475052747
26 0.40890180271220616 0.21917311331330047 0.0108499955373164 0.008327040785061
27 0.47397011213750495 0.17197850006863688 0.0102306164410059 0.010120250310055801
5 0.50560044470086 0.2330781262056093 0.00669195374711412 0.00930953829816704
5 0.5922547360303411 0.2332268203967815 0.00669195374711412 0.00930953829816704
12 0.3337231192128274 0.3494430323577325 0.014076625147472701 0.010227040785060999
30 0.3029473773157362 0.39173506118849827 0.022873624130532892 0.011830072913128488
39 0.3872331869121007 0.41209595550797823 0.008368474865349411 0.011897327891102401
13 0.4657847376397041 0.35989207120030814 0.0335643970859903 0.0439304700734922
27 0.4967850536266129 0.4087510417234082 0.0103780685760178 0.009991475927374401
40 0.5041262486535905 0.42290681651949763 0.0250604586299728 0.011333927162011198
12 0.5421420471487637 0.3493282270099055 0.014353334720512692 0.010331214273742999
39 0.5957191952904747 0.4120062961210112 0.008368474865349411 0.011897327891102403
30 0.5990951452962536 0.3916779914647207 0.02315438756090704 0.011830072913128495
38 0.06681920561988175 0.6041741397378485 0.0107411385627585 0.00751428887736696
31 0.09640766188345024 0.6294077135583697 0.0099194955194409 0.00960045309565524
38 0.13299639115345227 0.6041131384411975 0.0107411385627585 0.00751428887736696
38 0.19644892641781253 0.6042102398675134 0.0107411385627585 0.00751428887736696
35 0.2278179257097672 0.6769628611909354 0.010554535149578399 0.0077142888773668195
38 0.32467445570577963 0.6042670786317061 0.0107411385627585 0.00751428887736696
38 0.36390961577296915 0.6041676292386895 0.0107411385627585 0.00751428887736696
38 0.4026525784916455 0.6041676292386895 0.0107411385627585 0.00751428887736696
38 0.4437159001390266 0.5980017668716504 0.0107411385627585 0.00751428887736696
27 0.5029195560684134 0.5895559612035247 0.0100293983854828 0.009285015213075391
15 0.4852908142278752 0.47418518062283965 0.021369392427738297 0.00736435186792727
38 0.5542207993301337 0.5981040899433208 0.0107411385627585 0.00751428887736696
38 0.5891668110745658 0.6041716041313094 0.0107411385627585 0.00751428887736696
38 0.6514898804275573 0.6043039712734147 0.0107411385627585 0.00751428887736696
38 0.6863737443200059 0.6042422210247254 0.0107411385627585 0.00751428887736696
35 0.7210058472016082 0.6769772086379616 0.0105632053335046 0.0075604301337675
38 0.8096340735683377 0.6040477843015933 0.0107411385627585 0.00751428887736696
38 0.8442891621831934 0.6042466555052505 0.0107411385627585 0.00751428887736696
38 0.8833721073065169 0.6042106128782029 0.0107411385627585 0.00751428887736696
31 0.9130207689506651 0.6295167333834422 0.009754264281268 0.009562749720670371
21 0.8470775635398285 0.5911064027930704 0.006454717881069921 0.00499734332698062
